00010000000000000000000010010011
00010001000100010001000100110111
00010001000100010000000100010011
00100010001000100010000110110111
00100010001000011000000110010011
00000000001000001010000000100011
00000000001100001010001000100011
00000000001100010000001000110011
00000000010000001010010000100011
00000000000000001000000000100011
01010101010100000000001010010011
00000000000100101001001010010011
00000000010100001001000100100011
00000000100000001010010100000011
00000000000101010000010100010011
00000000101000001010011000100011
00000000000000001100101000000011
00000000000100001100101010000011
00000000001000001100101100000011
00000000001000001000101110000011
00000000000000001101110000000011
00000000001000001001110010000011
00000000000100001100111100000011
00000001111000001000111110110011
00001111111100000000111010010011
00000001110111111000000000100011
00010010000000000000001100010011
11011110101011010000001110110111
00000000110100111000001110010011
00000000011100110010000000100011