01000000000000000000001010110111
00000000000000101000001010010011
00000110001100000000010100010011
00000010000000000000000011101111
00000111010000000000010100010011
00000001100000000000000011101111
00000011000100000000010100010011
00000001000000000000000011101111
00000011011100000000010100010011
00000000100000000000000011101111
00000000000000000000000001101111
00000000010000101010001100000011
00000000000100110111001100010011
11111110000000110001110011100011
00000000101000101010001000100011
00000000000000001000000001100111